1234567890123456789012345678901234567
1234567890123456789012345678901234567
1234567890123456789012345678901234567
1234567890123456789012345678901234567
1234567890123456789012345678901234567
1234567890123456789012345678901234567
1234567890123456789012345678901234567
1234567890123456789012345678901234567
1234567890123456789012345678901234567
1234567890123456789012345678901234567
1234567890123456789012345678901234567
1234567890123456789012345678901234567
1234567890123456789012345678901234567
1234567890123456789012345678901234567
1234567890123456789012345678901234567
1234567890123456789012345678901234567
1234567890123456789012345678901234567
1234567890123456789012345678901234567
1234567890123456789012345678901234567
1234567890123456789012345678901234567
1234567890123456789012345678901234567
1234567890123456789012345678901234567
1234567890123456789012345678901234567
1234567890123456789012345678901234567
1234567890123456789012345678901234567
1234567890123456789012345678901234567
dd12345
67
d